" ": [
    
],
0: [
    (0, 20),
    (10, 20),
    (10, 0),
    (0, 0),
    (0, 20)
],
1: [
    (0, 10),
    (10, 20),
    (10, 0)
],
2: [
    (0, 20),
    (10, 20),
    (10, 10),
    (0, 0),
    (10, 0)
],
3: [
    (0, 20),
    (10, 20),
    (0, 10),
    (10, 10),
    (0, 0)
],
4: [
    (0, 20),
    (0, 10),
    (10, 10),
    (10, 20),
    (10, 0)
],
5: [
    (10, 20),
    (0, 20),
    (0, 10),
    (10, 10),
    (10, 0),
    (0, 0)
],
6: [
    (10, 20),
    (0, 10),
    (0, 0),
    (10, 0),
    (10, 10),
    (0, 10)
],
7: [
    (0, 20),
    (10, 20),
    (0, 10),
    (0, 0)
],
8: [
    (0, 20),
    (10, 20),
    (10, 10),
    (0, 10),
    (0, 0),
    (10, 0),
    (10, 10),
    (0, 10),
    (0, 20)
],
9: [
    (0, 20),
    (0, 10),
    (10, 10),
    (10, 20),
    (0, 20),
    (10, 20),
    (10, 10),
    (0, 0)
]